13
01
01
fe
23
2e
11
00
23
2c
81
00
13
04
01
02
93
00
00
00
37
01
02
00
13
01
f1
ff
93
01
00
00
13
02
00
00
93
02
00
00
13
03
00
00
93
03
00
00
13
04
00
00
93
04
00
00
13
05
00
00
93
05
00
00
13
06
00
00
93
06
00
00
13
07
00
00
93
07
00
00
13
08
00
00
93
08
00
00
13
09
00
00
93
09
00
00
13
0a
00
00
93
0a
00
00
13
0b
00
00
93
0b
00
00
13
0c
00
00
93
0c
00
00
13
0d
00
00
93
0d
00
00
13
0e
00
00
93
0e
00
00
13
0f
00
00
93
0f
00
00
b7
07
01
00
13
87
87
1f
b7
07
01
00
93
87
87
1f
b3
07
f7
40
93
d7
27
40
23
26
f4
fe
b7
07
01
00
93
87
87
1f
23
24
f4
fe
b7
07
01
00
93
87
87
1f
23
22
f4
fe
ef
00
00
11
13
00
00
00
83
20
c1
01
03
24
81
01
13
01
01
02
67
80
00
00
13
01
01
fd
23
26
81
02
13
04
01
03
93
07
05
00
a3
0f
f4
fc
b7
07
00
20
23
26
f4
fe
03
47
f4
fd
93
07
a0
00
63
18
f7
00
83
27
c4
fe
13
07
d0
00
23
a0
e7
00
03
47
f4
fd
83
27
c4
fe
23
a0
e7
00
93
07
00
00
13
85
07
00
03
24
c1
02
13
01
01
03
67
80
00
00
13
01
01
fd
23
26
11
02
23
24
81
02
13
04
01
03
23
2e
a4
fc
b7
07
00
20
93
87
47
01
23
24
f4
fe
23
26
04
fe
6f
00
c0
05
83
27
c4
fd
13
87
17
00
23
2e
e4
fc
83
c7
07
00
13
85
07
00
ef
f0
1f
f7
83
27
c4
fe
93
87
17
00
23
26
f4
fe
03
27
c4
fe
93
07
80
00
63
d6
e7
02
83
27
84
fe
83
a7
07
00
23
22
f4
fe
83
27
44
fe
93
f7
07
02
23
22
f4
fe
03
27
44
fe
93
07
00
02
e3
10
f7
fe
23
26
04
fe
83
27
c4
fd
83
c7
07
00
e3
90
07
fa
93
07
00
00
13
85
07
00
83
20
c1
02
03
24
81
02
13
01
01
03
67
80
00
00
13
01
01
ff
23
26
11
00
23
24
81
00
13
04
01
01
b7
07
01
00
13
85
47
1f
ef
f0
5f
f4
6f
00
00
00
6f
6b
00
00
00
00
00
00
00
00
00
00
00
00
00
00
00
00
00
00
00
00
00
00
00
00
00
00
00
00
00
00
00
00
00
00
00
00
00
00
00
00
00
00
00
00
00
00
00
00
00
00
00
00
00
00
00
00
00
00
00
00
00
00
00
00
00
00
00
00
00
00
00
00
00
00
00
00
00
00
00
00
00
00
00
00
00
00
00
00
00
00
00
00
00
00
00
00
00
00
00
00
00
00
00
00
00
00
00
00
00
00
00
00
00
00
00
00
00
00
00
00
00
00
00
00
00
00
00
00
00
00
00
00
00
00
00
00
00
00
00
00
00
00
00
00
00
00
00
00
00
00
00
00
00
00
00
00
00
00
00
00
00
00
00
00
00
00
00
00
00
00
00
00
00
00
00
00
00
00
00
00
00
00
00
00
00
00
00
00
00
00
00
00
00
00
00
00
00
00
00
00
00
00
00
00
00
00
00
00
00
00
00
00
00
00
00
00
00
00
00
00
00
00
00
00
00
00
00
00
00
00
00
00
00
00
00
00
00
00
00
00
00
00
00
00
00
00
00
00
00
00
00
00
00
00
00
00
00
00
00
00
00
00
00
00
00
00
00
00
00
00
00
00
00
00
00
00
00
00
00
00
00
00
00
00
00
00
00
00
00
00
00
00
00
00
00
00
00
00
00
00
00
00
00
00
00
00
00
00
00
00
00
00
00
00
00
00
00
00
00
00
00
00
00
00
00
00
00
00
00
00
00
00
00
00
00
00
00
00
00
00
00
00
00
00
00
00
00
00
00
00
00
00
00
00
00
00
00
00
00
00
00
00
00
00
00
00
00
00
00
00
00
00
00
00
00
00
00
00
00
00
00
00
00
00
00
00
00
00
00
00
00
00
00
00
00
00
00
00
00
00
00
00
00
00
00
00
00
00
00
00
00
00
00
00
00
00
00
00
00
00
00
00
00
00
00
00
00
00
00
00
00
00
00
00
00
00
00
00
00
00
00
00
00
00
00
00
00
00
00
00
00
00
00
00
00
00
00
00
00
00
00
00
00
00
00
00
00
00
00
00
00
00
00
00
00
00
00
00
00
00
00
00
00
00
00
00
00
00
00
00
00
00
00
00
00
00
00
00
00
00
00
00
00
00
00
00
00
00
00
00
00
00
00
00
00
00
00
00
00
00
00
